time,hop#,ip
2023-05-01 15:17:19.375081,4,206.224.65.200
2023-05-01 15:17:19.375081,5,206.224.65.182
2023-05-01 19:39:11.004861,4,206.224.65.200
2023-05-01 19:39:11.004861,5,206.224.65.182
