time,hop#,ip
2023-04-30 21:25:48.091295,4,206.224.65.208
2023-04-30 21:25:48.091295,5,206.224.65.184
2023-05-02 11:11:01.550145,4,206.224.65.208
2023-05-02 11:11:01.550145,5,206.224.65.184
