time,hop#,ip
2023-04-30 20:49:44.354489,4,206.224.65.208
2023-04-30 20:49:44.354489,5,206.224.65.184
2023-05-01 07:16:19.198243,4,206.224.65.208
2023-05-01 07:16:19.198243,5,206.224.65.184
2023-05-01 11:36:56.429961,4,206.224.65.208
2023-05-01 11:36:56.429961,5,206.224.65.184
2023-05-02 12:36:18.906992,4,206.224.65.208
2023-05-02 12:36:18.906992,5,206.224.65.184
