timestamp,ttl,ip,hostname,asn
1684149416,1,192.168.1.1,???,
1684149416,2,100.64.0.1,???,
1684149416,3,172.16.251.90,???,
1684149416,4,*,*,*
1684149416,5,206.224.65.190,undefined.hostname.localhost,14593
1684149416,6,213.144.184.30,???,6762
1684149416,7,195.219.223.10,???,6453
1684149416,8,*,*,*
1684149416,9,80.231.245.6,if-ae-55-2.tcore2.pvu-paris.as6453.net,6453
1684149416,10,*,*,*
1684149416,11,80.231.153.50,if-ae-11-2.tcore1.pye-paris.as6453.net,6453
1684149416,12,*,*,*
1684149416,13,*,*,*
1684149416,14,216.6.57.6,if-ae-1-3.tcore4.njy-newark.as6453.net,6453
1684149416,15,66.198.111.5,if-ae-51-2.tcore3.nto-newyork.as6453.net,6453
1684149416,16,*,*,*
1684149416,17,*,*,*
1684149416,18,*,*,*
1684149416,19,*,*,*
1684149416,20,120.29.217.66,if-ae-21-2.tcore1.tv2-tokyo.as6453.net,6453
1684149416,21,180.87.180.2,if-ae-2-2.tcore1.tv2-tokyo.as6453.net,6453
1684149416,22,180.87.181.93,if-et-6-2.hcore1.-.as6453.net,6453
1684149416,23,*,*,*
1684149416,24,*,*,*
1684149416,25,*,*,*
1684149416,26,*,*,*
1684149416,27,*,*,*
1684149416,28,*,*,*
1684149416,29,*,*,*
