timestamp,ttl,ip,hostname,asn
1684105083,1,192.168.1.1,???,
1684105083,2,100.64.0.1,???,
1684105083,3,172.16.251.90,???,
1684105083,4,206.224.65.200,undefined.hostname.localhost,14593
1684105083,5,206.224.65.190,undefined.hostname.localhost,14593
1684105083,6,80.81.192.228,gi-0-1-0.emix.net.ae,
1684105083,7,195.229.4.232,???,8966
1684105083,8,195.229.31.241,???,8966
1684105083,9,140.91.236.7,???,31898
1684105083,10,139.185.32.0,???,31898
