timestamp,ttl,ip,hostname,asn
1683956631,1,192.168.1.1,???,
1683956631,2,100.64.0.1,???,
1683956631,3,172.16.251.90,???,
1683956631,4,*,*,*
1683956631,5,206.224.65.182,undefined.hostname.localhost,14593
1683956631,6,213.144.184.26,???,6762
1683956631,7,4.68.63.109,ae-16.edge8.Frankfurt1.Level3.net,3356
1683956631,8,4.69.214.246,???,3356
1683956631,9,140.91.208.34,???,31898
1683956631,10,129.148.16.0,???,31898
1683956631,11,129.148.16.0,???,31898
1683956631,12,129.148.16.0,???,31898
1683956631,13,129.148.16.0,???,31898
1683956631,14,129.148.16.0,???,31898
1683956631,15,129.148.16.0,???,31898
1683956631,16,129.148.16.0,???,31898
1683956631,17,129.148.16.0,???,31898
1683956631,18,129.148.16.0,???,31898
1683956631,19,129.148.16.0,???,31898
1683956631,20,129.148.16.0,???,31898
1683956631,21,129.148.16.0,???,31898
1683956631,22,129.148.16.0,???,31898
1683956631,23,129.148.16.0,???,31898
1683956631,24,129.148.16.0,???,31898
1683956631,25,129.148.16.0,???,31898
1683956631,26,129.148.16.0,???,31898
1683956631,27,129.148.16.0,???,31898
1683956631,28,129.148.16.0,???,31898
1683956631,29,129.148.16.0,???,31898
