time,hop#,ip
2023-04-30 20:06:35.491345,4,206.224.65.204
2023-04-30 20:06:35.491345,5,206.224.65.180
2023-05-01 09:44:55.538382,4,206.224.65.204
2023-05-01 09:44:55.538382,5,206.224.65.180
