time,hop#,ip
2023-05-02 02:26:06.686637,4,206.224.65.200
2023-05-02 02:26:06.686637,5,206.224.65.182
2023-05-02 13:59:57.347473,4,206.224.65.200
2023-05-02 13:59:57.347473,5,206.224.65.182
