timestamp,ttl,ip,hostname,asn
1683403402,1,192.168.1.1,???,
1683403402,2,100.64.0.1,???,
1683403402,3,172.16.251.90,???,
1683403402,4,206.224.65.200,undefined.hostname.localhost,14593
1683403402,5,206.224.65.190,undefined.hostname.localhost,14593
1683403402,6,149.19.109.49,???,14593
1683403402,7,*,*,*
1683403402,8,*,*,*
1683403402,9,*,*,*
1683403402,10,*,*,*
1683403402,11,*,*,*
1683403402,12,*,*,*
1683403402,13,*,*,*
1683403402,14,*,*,*
1683403402,15,*,*,*
1683403402,16,*,*,*
1683403402,17,*,*,*
1683403402,18,*,*,*
1683403402,19,*,*,*
1683403402,20,*,*,*
1683403402,21,*,*,*
1683403402,22,*,*,*
1683403402,23,*,*,*
1683403402,24,*,*,*
1683403402,25,*,*,*
1683403402,26,*,*,*
1683403402,27,*,*,*
1683403402,28,*,*,*
1683403402,29,*,*,*
