timestamp,ttl,ip,hostname,asn
1684222928,1,192.168.1.1,???,
1684222928,2,100.64.0.1,???,
1684222928,3,172.16.251.90,???,
1684222928,4,206.224.65.200,undefined.hostname.localhost,14593
1684222928,5,206.224.65.190,undefined.hostname.localhost,14593
1684222928,6,130.117.14.197,be3031.agr41.fra03.atlas.cogentco.com,174
1684222928,7,130.117.14.197,be3031.agr41.fra03.atlas.cogentco.com,174
1684222928,8,130.117.1.118,be3187.ccr42.fra03.atlas.cogentco.com,174
1684222928,9,154.54.58.238,be2800.ccr42.par01.atlas.cogentco.com,174
1684222928,10,154.54.72.226,be2780.ccr32.mrs02.atlas.cogentco.com,174
1684222928,11,154.54.6.26,be2900.ccr21.hkg02.atlas.cogentco.com,174
1684222928,12,154.18.5.98,amazon.demarc.cogentco.com,174
1684222928,13,*,*,*
1684222928,14,52.93.35.79,???,
1684222928,15,*,*,*
1684222928,16,54.239.122.210,???,16509
1684222928,17,52.93.248.142,???,
1684222928,18,52.93.248.143,???,
1684222928,19,54.239.122.219,???,16509
1684222928,20,52.93.247.0,???,
1684222928,21,*,*,*
1684222928,22,*,*,*
1684222928,23,*,*,*
1684222928,24,*,*,*
1684222928,25,*,*,*
1684222928,26,*,*,*
1684222928,27,*,*,*
1684222928,28,*,*,*
1684222928,29,*,*,*
