timestamp,ttl,ip,hostname,asn
1684137832,1,192.168.1.1,???,
1684137832,2,100.64.0.1,???,
1684137832,3,172.16.251.90,???,
1684137832,4,206.224.65.200,undefined.hostname.localhost,14593
1684137832,5,206.224.65.182,undefined.hostname.localhost,14593
1684137832,6,62.115.37.20,ffm-b11-link.ip.twelve99.net,1299
1684137832,7,*,*,*
1684137832,8,154.54.37.29,be2846.ccr42.fra03.atlas.cogentco.com,174
1684137832,9,154.54.58.238,be2800.ccr42.par01.atlas.cogentco.com,174
1684137832,10,154.54.72.226,be2780.ccr32.mrs02.atlas.cogentco.com,174
1684137832,11,154.54.6.26,be2900.ccr21.hkg02.atlas.cogentco.com,174
1684137832,12,154.18.5.98,amazon.demarc.cogentco.com,174
1684137832,13,*,*,*
1684137832,14,52.93.35.97,???,
1684137832,15,*,*,*
1684137832,16,54.239.122.192,???,16509
1684137832,17,52.93.248.172,???,
1684137832,18,52.93.248.171,???,
1684137832,19,54.239.122.175,???,16509
1684137832,20,52.93.247.4,???,
1684137832,21,*,*,*
1684137832,22,*,*,*
1684137832,23,*,*,*
1684137832,24,*,*,*
1684137832,25,*,*,*
1684137832,26,*,*,*
1684137832,27,*,*,*
1684137832,28,*,*,*
1684137832,29,*,*,*
