timestamp,ttl,ip,hostname,asn
1683844357,1,192.168.1.1,???,
1683844357,2,100.64.0.1,???,
1683844357,3,172.16.251.90,???,
1683844357,4,206.224.65.200,undefined.hostname.localhost,14593
1683844357,5,206.224.65.182,undefined.hostname.localhost,14593
1683844357,6,80.81.195.152,decix2.amazon.com,
1683844357,7,*,*,*
1683844357,8,*,*,*
1683844357,9,*,*,*
1683844357,10,*,*,*
1683844357,11,*,*,*
1683844357,12,*,*,*
1683844357,13,*,*,*
1683844357,14,*,*,*
1683844357,15,*,*,*
1683844357,16,*,*,*
1683844357,17,*,*,*
1683844357,18,*,*,*
1683844357,19,*,*,*
1683844357,20,*,*,*
1683844357,21,*,*,*
1683844357,22,*,*,*
1683844357,23,*,*,*
1683844357,24,*,*,*
1683844357,25,*,*,*
1683844357,26,*,*,*
1683844357,27,*,*,*
1683844357,28,*,*,*
1683844357,29,*,*,*
