timestamp,ttl,ip,hostname,asn
1684075920,1,192.168.1.1,???,
1684075920,2,100.64.0.1,???,
1684075920,3,172.16.251.90,???,
1684075920,4,*,*,*
1684075920,5,206.224.65.186,undefined.hostname.localhost,14593
1684075920,6,80.81.195.152,decix2.amazon.com,
1684075920,7,150.222.192.148,???,
1684075920,8,*,*,*
1684075920,9,*,*,*
1684075920,10,150.222.192.136,???,
1684075920,11,*,*,*
1684075920,12,*,*,*
1684075920,13,52.93.226.16,???,
1684075920,14,52.93.226.25,???,
1684075920,15,52.93.227.84,???,
1684075920,16,*,*,*
1684075920,17,*,*,*
1684075920,18,*,*,*
1684075920,19,*,*,*
1684075920,20,*,*,*
1684075920,21,*,*,*
1684075920,22,*,*,*
1684075920,23,*,*,*
1684075920,24,*,*,*
1684075920,25,*,*,*
1684075920,26,*,*,*
1684075920,27,*,*,*
1684075920,28,*,*,*
1684075920,29,*,*,*
