timestamp,ttl,ip,hostname,asn
1684081194,1,192.168.1.1,???,
1684081194,2,100.64.0.1,???,
1684081194,3,172.16.251.90,???,
1684081194,4,*,*,*
1684081194,5,206.224.65.186,undefined.hostname.localhost,14593
1684081194,6,80.81.195.152,decix2.amazon.com,
1684081194,7,150.222.192.148,???,
1684081194,8,*,*,*
1684081194,9,*,*,*
1684081194,10,*,*,*
1684081194,11,*,*,*
1684081194,12,*,*,*
1684081194,13,52.93.226.16,???,
1684081194,14,52.93.226.25,???,
1684081194,15,52.93.227.84,???,
1684081194,16,*,*,*
1684081194,17,*,*,*
1684081194,18,*,*,*
1684081194,19,*,*,*
1684081194,20,*,*,*
1684081194,21,*,*,*
1684081194,22,*,*,*
1684081194,23,*,*,*
1684081194,24,*,*,*
1684081194,25,*,*,*
1684081194,26,*,*,*
1684081194,27,*,*,*
1684081194,28,*,*,*
1684081194,29,*,*,*
